$ANSIBLE_VAULT;1.1;AES256
34373736333630663833316433653538646162376130663261326339633636646662666535396333
6137396261643730326162313464393437393762646363390a636662383764323262616636626631
65346133353566666132613164656364393336306363333431393663376334613562386536646638
3833396262346434660a303932666638666165313236646131663034343562383036623662376566
63356465363834323532306235313932353030366165383536666137656537633063393536373939
37376630343865623735613932636239616230613537636432313165326662363937623637366661
36303063636264303363316332663230366430393539303336383332346331373435376534383232
61366665326332313238373131626538376538666561303463623431633661623965616362376661
62376363313834366339383630663262323437313336633530626335366663643139626664643037
38356363616663663037623639616439613037636237616463376238346164363663383362323138
38626335356164386433663565383134393130303034653337653339323861336366636235376664
63653464656362663065343630653065633666356532323431353733386537366532373839636331
33353237623833366530326238656566333739643666303864393238353966653062373265363133
37663166373839373631633631363934393732646435666666613832663062373334623561643933
31303838383638373234323035326633653962386237633565353066653134356163643535666536
65653039613031636635373239393163323639373264306433383139353830346364623630653435
37633038386530373739643863396635383464656438363431653330663162366232356534353563
61613065336431373930326133363838666532373464363635613636623235663539323037663135
38663132386138636631333563373361306234323537333262373964353233613737313238643233
32316634613439353762393038613066303165663237653131356339313232396335613536643865
38393063306334636338333133383632313635646262633030303838333164336165656664303135
3838646132313031343938316666366239656139366637656337
